Functions.Functions.$Blackwater.f_DOCConsumption.Expression=0.001
Functions.Functions.$Blackwater.f_Reaeration.Expression=0.01
Links.Chowilla Reg Inflow.Constituent Data.DOC.Processing Model.Leaf A=[[17 1.53][18.2 1.52][19 1.17][19.6 1.07][20 1.05]]
Links.Lock6US.Constituent Data.DOC.Processing Model.Leaf A=[[17.8 1.39][19 1.57][21.7 1.56][22.9 1.54][24.2 1.55]]
Links.R109 (0.085).Constituent Data.DOC.Processing Model.Leaf A=[[2 1.39][3.5 1.57][4.5 1.56][6 1.54][7 1.55]]
Links.R109 (0.915).Constituent Data.DOC.Processing Model.Leaf A=[[2 1.39][3.5 1.57][4.5 1.56][6 1.54][7 1.55]]
Nodes.Chowilla Regulator 254.Constituent Data.DOC.Processing Model.Leaf A=[[17 1.53][18.2 1.52][19 1.17][19.6 1.07][20 1.05]]
Nodes.Coombool Swamp 283.Constituent Data.DOC.Processing Model.Leaf A=[[17.2 0.2][17.4 0.2][17.6 0.2][17.8 0.2][18 0.2][18.2 0.2][18.4 0.2][18.6 0.2][18.8 0.23][19 0.27][19.2 0.36][19.4 0.44][19.6 0.53][19.8 0.65][20 0.77][20.2 0.83][20.4 0.87][20.6 0.89][20.8 0.91][21 0.92][21.2 0.93][21.4 0.94][21.6 0.95][21.8 0.95][22 0.96][22.2 0.96][22.4 0.96][22.6 0.96][22.8 0.96][23 0.96]]
Nodes.Floodplain Retention 389.Constituent Data.DOC.Processing Model.Leaf A=[[18 1.53][18.2 1.52][19 1.17][19.6 1.07][20 1.05]]
Nodes.Gum Flat 281.Constituent Data.DOC.Processing Model.Leaf A=[[17 1.75][17.2 1.51][17.4 0.91][17.6 0.8][17.8 0.83][18 0.9][18.2 0.94][18.4 0.92][18.6 0.87][18.8 0.82][19 0.6][19.2 0.72][19.4 0.77][19.6 0.8][19.8 0.82][20 0.82][20.2 0.83][20.4 0.83][20.6 0.84][20.8 0.85][21 0.87][21.2 0.87][21.4 0.87][21.6 0.88][21.8 0.88][22 0.88][22.2 0.88][22.4 0.88][22.6 0.88][22.8 0.88][23 0.88]]
Nodes.Lake Limbra 282.Constituent Data.DOC.Processing Model.Leaf A=[[17 0.52][17.2 0.51][17.4 0.6][17.6 0.81][17.8 0.97][18 0.46][18.2 0.27][18.4 0.28][18.6 0.34][18.8 0.51][19 0.65][19.2 0.71][19.4 0.75][19.6 0.78][19.8 0.82][20 0.85][20.2 0.87][20.4 0.88][20.6 0.9][20.8 0.91][21 0.92][21.2 0.92][21.4 0.92][21.6 0.92][21.8 0.92][22 0.92][22.2 0.92][22.4 0.92][22.6 0.92][22.8 0.92][23 0.92]]
Nodes.Lake Littra 280.Constituent Data.DOC.Processing Model.Leaf A=[[18.9 0.3][19 0.29][19.2 0.32][19.4 0.35][19.6 0.41][19.8 0.46][20 0.49][20.2 0.51][20.4 0.52][20.6 0.54][20.8 0.55][21 0.56][21.2 0.56][21.4 0.57][21.6 0.57][21.8 0.57][22 0.57][22.2 0.58][22.4 0.58][22.6 0.58][22.8 0.58][23 0.58]]
Nodes.Lock 6.Constituent Data.DOC.Processing Model.Leaf A=[[17.6 1.39][19 1.57][21.7 1.56][22.9 1.54][24.2 1.55]]
Nodes.Werta Wert 388.Constituent Data.DOC.Processing Model.Leaf A=[[17 0.95][17.2 0.27][17.4 0.26][17.6 0.48][17.8 0.56][18 0.67][18.2 0.82][18.4 0.89][18.6 0.81][18.8 0.85][19 0.91][19.2 0.96][19.4 0.99][19.6 0.99][19.8 0.96][20 0.93][20.2 0.96][20.4 1.02][20.6 1.1][20.8 1.13][21 1.14][21.2 1.15][21.4 1.15][21.6 1.15][21.8 1.16][22 1.16][22.2 1.16][22.4 1.15][22.6 1.15][22.8 1.15][23 1.15]]
Nodes.Woolshed.Constituent Data.DOC.Processing Model.Leaf A=[[17 1.8][17.2 1.73][17.4 1.57][17.6 1.3][17.8 1.17][18 1.12][18.2 1.02][18.4 0.92][18.6 0.8][18.8 0.72][19 0.73][19.2 0.77][19.4 0.81][19.6 0.83][19.8 0.82][20 0.83][20.2 0.85][20.4 0.86][20.6 0.88][20.8 0.89][21 0.9][21.2 0.9][21.4 0.91][21.6 0.92][21.8 0.92][22 0.92][22.2 0.92][22.4 0.92][22.6 0.92][22.8 0.92][23 0.92]]
